Total branches  = 18946.000000
Unique branches = 1228.000000
ACCURACY_SC     = 65.190544 percent
ACCURACY_1L     = 86.313736 percent
ACCURACY_2L     = 86.429855 percent
